K_s20fe = [1.027599538696298e+03,0,3.113765846725814e+02;0,1.011012752325719e+03,5.483024790016393e+02;0,0,1];
iac_s20fe = [1.033081380333781,0,-3.216773518971689e+02;0,1,-5.483024790016393e+02;-3.216773518971689e+02,-5.483024790016393e+02,1.422945189044830e+06];